### 지시사항
당신은 초분광(Hyperspectral) 데이터 분석 및 원격 탐사 전문가입니다.  
아래의 스펙트럼 표(CSV)와 SAM/SID/SCC Top-3 설명을 기반으로, 선택 픽셀의 물질을 추정하십시오.

분석 시 다음을 반드시 고려하십시오.

1. 스펙트럼 형상(Shape)
   - 표의 각 **열(column)** 은 하나의 파장(wavelength)에 해당합니다.
   - 각 **행(row)** 은 하나의 스펙트럼(선택 픽셀 또는 후보 물질)의 reflectance 값입니다.
   - 각 스펙트럼에서,
     - 피크(peak): 주변 파장 대비 국소적으로 값이 높은 지점
     - 흡수대역(absorption band): 주변 대비 값이 낮아졌다가 다시 회복되는 연속 구간
     을 찾아서, 위치·폭·깊이·형상을 비교하십시오.
     - 구간별 기울기(slope)와 형상 비교 필요

2. 정량 지표(SAM/SID/SCC) + 설명(Description)
   - SAM/SID/SCC top-1~3 설명에는 CID, 거리값(Value), 물질명(Material), 추가 설명(Desc)이 포함되어 있습니다.
   - 값이 작을수록 스펙트럼이 유사하지만, 수치 순위만 보지 말고
     스펙트럼 형상(peak/absorption 패턴)과 Description(물질 특성/용도/산지 등)을 함께 고려하십시오.

3. 최종 판단
   - SAM/SID/SCC가 공통으로 지지하고,
   - 선택 픽셀과 스펙트럼 형상이 가장 잘 맞으며,
   - Description 상으로도 현재 장면/환경과 물리적으로 타당한 후보를 최종 Top-1으로 선택하십시오.
   - 그 외 유력한 두 후보를 Top-2, Top-3로 제시하십시오.
   - 최종 판단 시 selected_pixel과 일치하는 파장이 없다고 판단되면 다른 물질을 제시하시오.

---

### Input Data

#### 스펙트럼 표 (행 = 스펙트럼, 열 = 파장)

아래 CSV에서:

- 첫 행(헤더 row)은: `"spectrum_id, λ_1, λ_2, λ_3, ..."` 형식입니다.
- 이후 각 행은 하나의 스펙트럼으로,
  - `"selected_pixel"` : 선택 픽셀의 원본 스펙트럼
  - `"SAM_top1"`, `"SAM_top2"`, `"SAM_top3"`
  - `"SID_top1"`, `"SID_top2"`, `"SID_top3"`
  - `"SCC_top1"`, `"SCC_top2"`, `"SCC_top3"`
  와 같이 구성됩니다.

```csv
spectrum_id,399.109985,403.089996,407.059998,411.040009,415.019989,418.989990,422.970001,426.940002,430.920013,434.899994,438.869995,442.850006,446.820007,450.799988,454.779999,458.750000,462.730011,466.700012,470.679993,474.660004,478.630005,482.609985,486.579987,490.559998,494.540009,498.510010,502.489990,506.459991,510.440002,514.419983,518.390015,522.369995,526.340027,530.320007,534.299988,538.270020,542.250000,546.219971,550.200012,554.179993,558.150024,562.130005,566.099976,570.080017,574.059998,578.030029,582.010010,585.979980,589.960022,593.940002,597.909973,601.890015,605.859985,609.840027,613.820007,617.789978,621.770020,625.739990,629.719971,633.700012,637.669983,641.650024,645.619995,649.599976,653.580017,657.549988,661.530029,665.500000,669.479980,673.460022,677.429993,681.409973,685.380005,689.359985,693.340027,697.309998,701.289978,705.260010,709.239990,713.219971,717.190002,721.169983,725.140015,729.119995,733.099976,737.070007,741.049988,745.020020,749.000000,752.979980,756.950012,760.929993,764.900024,768.880005,772.859985,776.830017,780.809998,784.780029,788.760010,792.739990,796.710022,800.690002,804.659973,808.640015,812.619995,816.590027,820.570007,824.539978,828.520020,832.500000,836.469971,840.450012,844.419983,848.400024,852.380005,856.349976,860.330017,864.299988,868.280029,872.260010,876.229980,880.210022,884.179993,888.159973,892.140015,896.109985,900.090027,904.059998,908.039978,912.020020,915.989990,919.969971,923.940002,927.919983,931.900024,935.869995,939.849976,943.820007,947.799988,951.780029,955.750000,959.729980,963.700012,967.679993,971.659973,975.630005,979.609985,983.580017,987.559998,991.539978
selected_pixel,0.259060,0.245295,0.233100,0.213813,0.200593,0.190897,0.183298,0.178075,0.176107,0.176486,0.173387,0.174481,0.177884,0.184810,0.180168,0.186403,0.189565,0.186609,0.195208,0.195527,0.196591,0.196621,0.200148,0.202441,0.202559,0.199403,0.202636,0.202130,0.204666,0.204497,0.201932,0.202780,0.203857,0.204968,0.206820,0.204744,0.207455,0.204210,0.205513,0.205275,0.207018,0.207762,0.210340,0.209924,0.210202,0.211545,0.212487,0.210255,0.211896,0.215684,0.216955,0.215331,0.213999,0.220893,0.217135,0.221193,0.221989,0.222841,0.218739,0.226050,0.225728,0.229448,0.229174,0.233335,0.231864,0.233028,0.237282,0.235563,0.236917,0.242560,0.238334,0.243993,0.241207,0.244901,0.243136,0.247232,0.246817,0.256423,0.252797,0.249962,0.248163,0.256403,0.254659,0.255264,0.260954,0.253762,0.262206,0.260067,0.264144,0.260101,0.260448,0.267912,0.278731,0.270955,0.272266,0.264302,0.276665,0.276631,0.269461,0.280233,0.270507,0.274393,0.276508,0.281861,0.277905,0.289036,0.290121,0.293081,0.278452,0.289406,0.282242,0.290652,0.293762,0.280132,0.297115,0.276670,0.285690,0.291714,0.287791,0.277080,0.290336,0.292728,0.282473,0.296021,0.319594,0.327730,0.299502,0.346732,0.323911,0.354808,0.321809,0.316009,0.342859,0.382022,0.365676,0.382917,0.357449,0.351325,0.374147,0.350902,0.350493,0.338780,0.347701,0.309896,0.326704,0.340786,0.309330,0.283466,0.279456,0.311665
SAM_top1,0.049336,0.049259,0.049410,0.049906,0.050164,0.050214,0.050503,0.051156,0.051134,0.051451,0.051657,0.051682,0.051882,0.052447,0.052220,0.052284,0.052950,0.052851,0.052767,0.052869,0.052794,0.052761,0.052967,0.053345,0.053561,0.053747,0.054036,0.054373,0.054467,0.054674,0.055160,0.055001,0.055143,0.055441,0.055450,0.055732,0.055878,0.056196,0.056308,0.055961,0.055462,0.055410,0.055772,0.056504,0.057138,0.057258,0.057388,0.058137,0.058197,0.057147,0.057067,0.057430,0.057482,0.057816,0.057919,0.058391,0.059522,0.059771,0.060211,0.060422,0.059931,0.059929,0.059658,0.059950,0.060309,0.061099,0.061820,0.062379,0.062969,0.063441,0.063652,0.064020,0.064077,0.063972,0.064119,0.064672,0.064556,0.064222,0.064524,0.065480,0.066427,0.066822,0.067320,0.067866,0.067955,0.068198,0.068750,0.068397,0.068437,0.068730,0.068593,0.069077,0.069859,0.070039,0.070099,0.070254,0.070797,0.071417,0.072291,0.073176,0.073727,0.073943,0.074206,0.074901,0.075261,0.075026,0.075139,0.075490,0.075890,0.076459,0.077010,0.077386,0.077649,0.077900,0.078131,0.078330,0.078523,0.078705,0.078846,0.078915,0.078964,0.079173,0.079728,0.080636,0.081643,0.082423,0.082921,0.083356,0.083878,0.084369,0.084655,0.084796,0.085094,0.085781,0.086675,0.087414,0.087986,0.088521,0.088789,0.088573,0.088381,0.089059,0.090378,0.091243,0.091558,0.091760,0.092005,0.092459,0.093032,0.093333
SAM_top2,0.024161,0.024231,0.024290,0.024353,0.024423,0.024504,0.024585,0.024672,0.024772,0.024873,0.024975,0.025085,0.025201,0.025315,0.025418,0.025522,0.025628,0.025722,0.025824,0.025925,0.026024,0.026132,0.026246,0.026357,0.026463,0.026569,0.026686,0.026807,0.026922,0.027049,0.027174,0.027295,0.027425,0.027565,0.027699,0.027826,0.027952,0.028083,0.028217,0.028348,0.028477,0.028614,0.028754,0.028887,0.029028,0.029170,0.029296,0.029411,0.029518,0.029616,0.029717,0.029832,0.029946,0.030049,0.030159,0.030278,0.030401,0.030544,0.030679,0.030802,0.030933,0.031067,0.031207,0.031351,0.031489,0.031632,0.031774,0.031911,0.032052,0.032198,0.032348,0.032493,0.032632,0.032782,0.032949,0.033097,0.033243,0.033397,0.033556,0.033707,0.033868,0.034042,0.034205,0.034356,0.034499,0.034652,0.034805,0.034964,0.035124,0.035288,0.035441,0.035612,0.035806,0.035964,0.036115,0.036279,0.036441,0.036620,0.036809,0.036996,0.037181,0.037375,0.037569,0.037751,0.037958,0.038181,0.038384,0.038576,0.038774,0.038991,0.039203,0.039407,0.039625,0.039830,0.040039,0.040272,0.040498,0.040710,0.040914,0.041135,0.041360,0.041589,0.041830,0.042065,0.042302,0.042574,0.042861,0.043100,0.043342,0.043608,0.043872,0.044123,0.044389,0.044679,0.044970,0.045199,0.045476,0.045767,0.046018,0.046276,0.046543,0.046816,0.047071,0.047353,0.047674,0.047938,0.048166,0.048434,0.048713,0.048998
SAM_top3,0.025603,0.025363,0.025145,0.024911,0.024669,0.024410,0.024117,0.023861,0.023657,0.023469,0.023283,0.023093,0.022919,0.022752,0.022587,0.022431,0.022283,0.022156,0.022039,0.021921,0.021818,0.021727,0.021635,0.021548,0.021469,0.021401,0.021329,0.021257,0.021194,0.021141,0.021098,0.021058,0.021023,0.020999,0.020982,0.020974,0.020988,0.021005,0.021012,0.021023,0.021031,0.021052,0.021098,0.021143,0.021195,0.021280,0.021370,0.021450,0.021537,0.021642,0.021754,0.021868,0.021989,0.022127,0.022267,0.022408,0.022566,0.022733,0.022911,0.023094,0.023286,0.023483,0.023681,0.023882,0.024085,0.024288,0.024491,0.024690,0.024882,0.025068,0.025252,0.025435,0.025615,0.025793,0.025962,0.026126,0.026291,0.026454,0.026613,0.026770,0.026928,0.027088,0.027250,0.027411,0.027572,0.027732,0.027895,0.028066,0.028242,0.028416,0.028587,0.028755,0.028920,0.029079,0.029232,0.029379,0.029523,0.029670,0.029817,0.029957,0.030095,0.030235,0.030378,0.030517,0.030656,0.030796,0.030935,0.031072,0.031208,0.031345,0.031479,0.031612,0.031747,0.031881,0.032014,0.032146,0.032278,0.032410,0.032544,0.032675,0.032808,0.032947,0.033089,0.033223,0.033352,0.033481,0.033603,0.033717,0.033838,0.033957,0.034079,0.034210,0.034334,0.034454,0.034580,0.034709,0.034831,0.034946,0.035061,0.035174,0.035283,0.035382,0.035472,0.035567,0.035666,0.035764,0.035855,0.035940,0.036018,0.036085
SID_top1,0.049336,0.049259,0.049410,0.049906,0.050164,0.050214,0.050503,0.051156,0.051134,0.051451,0.051657,0.051682,0.051882,0.052447,0.052220,0.052284,0.052950,0.052851,0.052767,0.052869,0.052794,0.052761,0.052967,0.053345,0.053561,0.053747,0.054036,0.054373,0.054467,0.054674,0.055160,0.055001,0.055143,0.055441,0.055450,0.055732,0.055878,0.056196,0.056308,0.055961,0.055462,0.055410,0.055772,0.056504,0.057138,0.057258,0.057388,0.058137,0.058197,0.057147,0.057067,0.057430,0.057482,0.057816,0.057919,0.058391,0.059522,0.059771,0.060211,0.060422,0.059931,0.059929,0.059658,0.059950,0.060309,0.061099,0.061820,0.062379,0.062969,0.063441,0.063652,0.064020,0.064077,0.063972,0.064119,0.064672,0.064556,0.064222,0.064524,0.065480,0.066427,0.066822,0.067320,0.067866,0.067955,0.068198,0.068750,0.068397,0.068437,0.068730,0.068593,0.069077,0.069859,0.070039,0.070099,0.070254,0.070797,0.071417,0.072291,0.073176,0.073727,0.073943,0.074206,0.074901,0.075261,0.075026,0.075139,0.075490,0.075890,0.076459,0.077010,0.077386,0.077649,0.077900,0.078131,0.078330,0.078523,0.078705,0.078846,0.078915,0.078964,0.079173,0.079728,0.080636,0.081643,0.082423,0.082921,0.083356,0.083878,0.084369,0.084655,0.084796,0.085094,0.085781,0.086675,0.087414,0.087986,0.088521,0.088789,0.088573,0.088381,0.089059,0.090378,0.091243,0.091558,0.091760,0.092005,0.092459,0.093032,0.093333
SID_top2,0.024161,0.024231,0.024290,0.024353,0.024423,0.024504,0.024585,0.024672,0.024772,0.024873,0.024975,0.025085,0.025201,0.025315,0.025418,0.025522,0.025628,0.025722,0.025824,0.025925,0.026024,0.026132,0.026246,0.026357,0.026463,0.026569,0.026686,0.026807,0.026922,0.027049,0.027174,0.027295,0.027425,0.027565,0.027699,0.027826,0.027952,0.028083,0.028217,0.028348,0.028477,0.028614,0.028754,0.028887,0.029028,0.029170,0.029296,0.029411,0.029518,0.029616,0.029717,0.029832,0.029946,0.030049,0.030159,0.030278,0.030401,0.030544,0.030679,0.030802,0.030933,0.031067,0.031207,0.031351,0.031489,0.031632,0.031774,0.031911,0.032052,0.032198,0.032348,0.032493,0.032632,0.032782,0.032949,0.033097,0.033243,0.033397,0.033556,0.033707,0.033868,0.034042,0.034205,0.034356,0.034499,0.034652,0.034805,0.034964,0.035124,0.035288,0.035441,0.035612,0.035806,0.035964,0.036115,0.036279,0.036441,0.036620,0.036809,0.036996,0.037181,0.037375,0.037569,0.037751,0.037958,0.038181,0.038384,0.038576,0.038774,0.038991,0.039203,0.039407,0.039625,0.039830,0.040039,0.040272,0.040498,0.040710,0.040914,0.041135,0.041360,0.041589,0.041830,0.042065,0.042302,0.042574,0.042861,0.043100,0.043342,0.043608,0.043872,0.044123,0.044389,0.044679,0.044970,0.045199,0.045476,0.045767,0.046018,0.046276,0.046543,0.046816,0.047071,0.047353,0.047674,0.047938,0.048166,0.048434,0.048713,0.048998
SID_top3,0.025603,0.025363,0.025145,0.024911,0.024669,0.024410,0.024117,0.023861,0.023657,0.023469,0.023283,0.023093,0.022919,0.022752,0.022587,0.022431,0.022283,0.022156,0.022039,0.021921,0.021818,0.021727,0.021635,0.021548,0.021469,0.021401,0.021329,0.021257,0.021194,0.021141,0.021098,0.021058,0.021023,0.020999,0.020982,0.020974,0.020988,0.021005,0.021012,0.021023,0.021031,0.021052,0.021098,0.021143,0.021195,0.021280,0.021370,0.021450,0.021537,0.021642,0.021754,0.021868,0.021989,0.022127,0.022267,0.022408,0.022566,0.022733,0.022911,0.023094,0.023286,0.023483,0.023681,0.023882,0.024085,0.024288,0.024491,0.024690,0.024882,0.025068,0.025252,0.025435,0.025615,0.025793,0.025962,0.026126,0.026291,0.026454,0.026613,0.026770,0.026928,0.027088,0.027250,0.027411,0.027572,0.027732,0.027895,0.028066,0.028242,0.028416,0.028587,0.028755,0.028920,0.029079,0.029232,0.029379,0.029523,0.029670,0.029817,0.029957,0.030095,0.030235,0.030378,0.030517,0.030656,0.030796,0.030935,0.031072,0.031208,0.031345,0.031479,0.031612,0.031747,0.031881,0.032014,0.032146,0.032278,0.032410,0.032544,0.032675,0.032808,0.032947,0.033089,0.033223,0.033352,0.033481,0.033603,0.033717,0.033838,0.033957,0.034079,0.034210,0.034334,0.034454,0.034580,0.034709,0.034831,0.034946,0.035061,0.035174,0.035283,0.035382,0.035472,0.035567,0.035666,0.035764,0.035855,0.035940,0.036018,0.036085
SCC_top1,0.177693,0.163357,0.150554,0.137663,0.127609,0.117221,0.114869,0.115041,0.111878,0.108662,0.105655,0.106344,0.103695,0.105475,0.105510,0.104659,0.103009,0.104674,0.100288,0.100717,0.102407,0.101658,0.101935,0.099886,0.101145,0.101191,0.098806,0.100347,0.102779,0.100630,0.099078,0.102995,0.104775,0.106234,0.104280,0.107684,0.107358,0.110716,0.109531,0.109819,0.109791,0.111325,0.111035,0.111651,0.111146,0.112293,0.111684,0.114050,0.113841,0.110862,0.113326,0.116387,0.116061,0.113327,0.113051,0.115815,0.115231,0.116889,0.116049,0.116658,0.115999,0.116946,0.118391,0.122177,0.119055,0.121361,0.123798,0.121823,0.124257,0.125786,0.124997,0.125645,0.127343,0.131496,0.135405,0.131211,0.136337,0.135876,0.138129,0.138835,0.139579,0.146997,0.149463,0.149980,0.150841,0.152518,0.148260,0.152006,0.156155,0.152404,0.160730,0.172958,0.176093,0.168956,0.165100,0.167739,0.174806,0.172225,0.174543,0.173476,0.175911,0.177402,0.176961,0.174905,0.174221,0.186765,0.191428,0.190097,0.193951,0.183967,0.174007,0.172998,0.174936,0.180220,0.176582,0.177739,0.172222,0.173880,0.168418,0.170236,0.176472,0.181700,0.162225,0.190013,0.187818,0.206235,0.197638,0.221106,0.244208,0.270376,0.223504,0.264031,0.245024,0.229024,0.302150,0.274664,0.227544,0.234194,0.225453,0.254157,0.282818,0.222997,0.205353,0.194896,0.196411,0.228072,0.232228,0.215690,0.207353,0.217597
SCC_top2,0.002003,0.001953,0.002043,0.002175,0.002229,0.002336,0.002466,0.002609,0.002786,0.002977,0.003244,0.003498,0.003761,0.004053,0.004389,0.004765,0.005173,0.005625,0.006072,0.006545,0.007057,0.007601,0.008188,0.008835,0.009555,0.010274,0.011035,0.011855,0.012731,0.013632,0.014577,0.015606,0.016676,0.017811,0.019049,0.020360,0.021734,0.023161,0.024655,0.026225,0.027866,0.029573,0.031286,0.033020,0.034798,0.036684,0.038731,0.040872,0.043049,0.045305,0.047672,0.050140,0.052664,0.055251,0.057906,0.060622,0.063410,0.066255,0.069185,0.072182,0.075235,0.078366,0.081549,0.084794,0.088096,0.091436,0.094837,0.098277,0.101775,0.105324,0.108933,0.112605,0.116286,0.120021,0.123795,0.127594,0.131447,0.135324,0.139233,0.143149,0.147072,0.151035,0.155015,0.158996,0.162949,0.166883,0.170842,0.174805,0.178790,0.182769,0.186741,0.190746,0.194747,0.198745,0.202722,0.206678,0.210642,0.214590,0.218542,0.222485,0.226402,0.230322,0.234220,0.238092,0.241957,0.245768,0.249577,0.253378,0.257154,0.260897,0.264605,0.268325,0.272027,0.275729,0.279409,0.283066,0.286706,0.290232,0.293630,0.297019,0.300586,0.304309,0.307982,0.311534,0.314958,0.318332,0.321644,0.324807,0.327856,0.330840,0.333810,0.336736,0.339546,0.342330,0.345089,0.347775,0.350327,0.352553,0.354302,0.355619,0.356804,0.358254,0.360153,0.362448,0.364994,0.367739,0.370666,0.373712,0.376864,0.380144
SCC_top3,0.002452,0.002461,0.002577,0.002721,0.002790,0.002913,0.003084,0.003264,0.003454,0.003673,0.003969,0.004262,0.004553,0.004879,0.005257,0.005678,0.006110,0.006580,0.007075,0.007577,0.008117,0.008717,0.009372,0.010066,0.010827,0.011594,0.012406,0.013272,0.014191,0.015147,0.016148,0.017222,0.018344,0.019543,0.020838,0.022203,0.023632,0.025121,0.026677,0.028311,0.030040,0.031846,0.033634,0.035412,0.037249,0.039215,0.041335,0.043549,0.045810,0.048138,0.050583,0.053124,0.055711,0.058376,0.061112,0.063893,0.066759,0.069686,0.072689,0.075763,0.078885,0.082094,0.085349,0.088666,0.092038,0.095450,0.098916,0.102423,0.105986,0.109598,0.113270,0.116999,0.120739,0.124534,0.128365,0.132215,0.136120,0.140045,0.144002,0.147963,0.151923,0.155923,0.159944,0.163962,0.167946,0.171908,0.175896,0.179888,0.183901,0.187905,0.191898,0.195922,0.199946,0.203969,0.207962,0.211925,0.215905,0.219871,0.223831,0.227781,0.231707,0.235636,0.239537,0.243405,0.247264,0.251073,0.254879,0.258669,0.262434,0.266160,0.269859,0.273570,0.277259,0.280947,0.284621,0.288277,0.291918,0.295465,0.298911,0.302329,0.305858,0.309486,0.313057,0.316544,0.319925,0.323258,0.326536,0.329668,0.332682,0.335625,0.338543,0.341411,0.344171,0.346897,0.349567,0.352168,0.354645,0.356771,0.358390,0.359572,0.360640,0.361985,0.363789,0.366016,0.368509,0.371198,0.374070,0.377064,0.380175,0.383406

이 표를 사용하여 각 파장(각 열)에 대해
선택 픽셀과 후보 스펙트럼의 값 패턴(피크, 흡수대역, 기울기)을 비교하십시오.

아래는 파장별 후보에 대한 설명임

각 줄에는 해당 metric의 top-N 후보에 대한 정리된 설명이 들어 있습니다.
(예: CID, RAW/CR 여부, 거리값, 물질명, 물질 설명 등)

SAM top-1 : {"mtrl_nm":"사막 바니시 (유문암 기반, GDS78A)","mtrl_description":"유문암(rhyolite) 위에 형성된 바니시 시료로, 철과 망간 산화물 및 미세 점토 혼합층이 표면을 덮고 있습니다. 스펙트럼상 Fe 관련 흡수 피크와 함께 유문암 기반의 반사 신호가 혼합되어 나타납니다."}
SAM top-2 : {"mtrl_nm":"산불 피해지역 상부층 (WRF00-02)","mtrl_description":"ASDFRb 분석 시 1900nm 수분 피크가 약화되며, 2200–2350nm 범위의 결정성 Al–OH 피크가 분해되어 나타납니다. 표면 유기물 감소와 점토 광물 변질이 스펙트럼에 반영되며, 산불 후 토양 광물 조성 변화 탐지에 활용됩니다."}
SAM top-3 : {"mtrl_nm":"갈레나 (HS37.3)","mtrl_description":"Galena는 PbS 조성의 금속광물로, 매우 낮은 반사율과 전형적인 무피크 금속 반사곡선을 가집니다. HS37.3은 대표적인 금속 반사 기준 시료로, 금속/비금속 자동 분광 분류의 하한 비교 실험에 활용됩니다."}

SID top-1 : {"mtrl_nm":"사막 바니시 (유문암 기반, GDS78A)","mtrl_description":"유문암(rhyolite) 위에 형성된 바니시 시료로, 철과 망간 산화물 및 미세 점토 혼합층이 표면을 덮고 있습니다. 스펙트럼상 Fe 관련 흡수 피크와 함께 유문암 기반의 반사 신호가 혼합되어 나타납니다."}
SID top-2 : {"mtrl_nm":"산불 피해지역 상부층 (WRF00-02)","mtrl_description":"ASDFRb 분석 시 1900nm 수분 피크가 약화되며, 2200–2350nm 범위의 결정성 Al–OH 피크가 분해되어 나타납니다. 표면 유기물 감소와 점토 광물 변질이 스펙트럼에 반영되며, 산불 후 토양 광물 조성 변화 탐지에 활용됩니다."}
SID top-3 : {"mtrl_nm":"갈레나 (HS37.3)","mtrl_description":"Galena는 PbS 조성의 금속광물로, 매우 낮은 반사율과 전형적인 무피크 금속 반사곡선을 가집니다. HS37.3은 대표적인 금속 반사 기준 시료로, 금속/비금속 자동 분광 분류의 하한 비교 실험에 활용됩니다."}

SCC top-1 : {"mtrl_nm":"아스팔트(도로)","mtrl_description":"아스팔트(도로)로 판단되는 물질"}
SCC top-2 : {"mtrl_nm":"기름-물-벤젠 17% 혼합 (DWH10-3)","mtrl_description":"벤젠 함량이 17%로 증가한 삼상 혼합물로, 방향족 성분의 IR 스펙트럼 기여가 더욱 뚜렷해집니다. 벤젠의 흡수 피크가 강화되어, 가시광 및 근적외선에서 흡광도가 높아지며, 반사율은 저하됩니다. 산업용 방향족 탐지 실험, 환경 위험 분석에 적합한 표준 시료입니다."}
SCC top-3 : {"mtrl_nm":"기름-물-벤젠 10% 혼합 (DWH10-3)","mtrl_description":"기름-물 혼합물에 벤젠이 10% 포함된 삼상 시스템으로, 방향족 화합물의 분광 신호가 혼합 상태에서 어떻게 나타나는지를 분석하는 데 유용합니다. 스펙트럼상으로는 1600cm⁻¹ 부근의 C=C stretching 피크 및 3000cm⁻¹의 C–H aromatic stretch가 벤젠의 특징으로 나타납니다. 석유정제 부산물 분석, 벤젠 유출 감지 연구에 활용됩니다."}

출력 형식

한국어로 자세하게 작성하십시오.

형식 예시:
최종: [물질명] (결정적 근거). 후보: [2순위], [3순위]